1.8000e+02	5.8539e-03	1.0831e-02	5.6987e-03	1.7082e-03	
1.8036e+02	5.8542e-03	1.0344e-02	5.7678e-03	1.7778e-03	
1.8072e+02	5.8457e-03	9.8421e-03	5.8267e-03	1.8479e-03	
1.8108e+02	5.8283e-03	9.3295e-03	5.8753e-03	1.9184e-03	
1.8144e+02	5.8022e-03	8.8107e-03	5.9132e-03	1.9890e-03	
1.8180e+02	5.7677e-03	8.2902e-03	5.9402e-03	2.0595e-03	
1.8216e+02	5.7248e-03	7.7720e-03	5.9563e-03	2.1298e-03	
1.8252e+02	5.6739e-03	7.2599e-03	5.9612e-03	2.1996e-03	
1.8288e+02	5.6153e-03	6.7573e-03	5.9551e-03	2.2686e-03	
1.8324e+02	5.5492e-03	6.2673e-03	5.9380e-03	2.3364e-03	
1.8360e+02	5.4760e-03	5.7927e-03	5.9099e-03	2.4028e-03	
1.8396e+02	5.3961e-03	5.3357e-03	5.8712e-03	2.4672e-03	
1.8432e+02	5.3098e-03	4.8983e-03	5.8219e-03	2.5294e-03	
1.8468e+02	5.2175e-03	4.4821e-03	5.7625e-03	2.5887e-03	
1.8504e+02	5.1197e-03	4.0882e-03	5.6932e-03	2.6448e-03	
1.8540e+02	5.0168e-03	3.7175e-03	5.6145e-03	2.6971e-03	
1.8576e+02	4.9091e-03	3.3703e-03	5.5268e-03	2.7449e-03	
1.8612e+02	4.7972e-03	3.0470e-03	5.4305e-03	2.7879e-03	
1.8648e+02	4.6815e-03	2.7474e-03	5.3263e-03	2.8254e-03	
1.8684e+02	4.5624e-03	2.4712e-03	5.2147e-03	2.8569e-03	
1.8720e+02	4.4404e-03	2.2177e-03	5.0962e-03	2.8819e-03	
1.8756e+02	4.3159e-03	1.9862e-03	4.9715e-03	2.8999e-03	
1.8792e+02	4.1894e-03	1.7758e-03	4.8412e-03	2.9105e-03	
1.8828e+02	4.0612e-03	1.5854e-03	4.7059e-03	2.9133e-03	
1.8864e+02	3.9317e-03	1.4140e-03	4.5663e-03	2.9081e-03	
1.8900e+02	3.8015e-03	1.2603e-03	4.4230e-03	2.8947e-03	
1.8936e+02	3.6708e-03	1.1232e-03	4.2767e-03	2.8730e-03	
1.8972e+02	3.5400e-03	1.0013e-03	4.1279e-03	2.8431e-03	
1.9008e+02	3.4095e-03	8.9346e-04	3.9773e-03	2.8050e-03	
1.9044e+02	3.2796e-03	7.9843e-04	3.8256e-03	2.7592e-03	
1.9080e+02	3.1506e-03	7.1501e-04	3.6733e-03	2.7058e-03	
1.9116e+02	3.0229e-03	6.4209e-04	3.5209e-03	2.6453e-03	
1.9152e+02	2.8967e-03	5.7856e-04	3.3690e-03	2.5783e-03	
1.9188e+02	2.7723e-03	5.2342e-04	3.2181e-03	2.5054e-03	
1.9224e+02	2.6500e-03	4.7570e-04	3.0687e-03	2.4272e-03	
1.9260e+02	2.5298e-03	4.3453e-04	2.9213e-03	2.3445e-03	
1.9296e+02	2.4122e-03	3.9907e-04	2.7762e-03	2.2580e-03	
1.9332e+02	2.2972e-03	3.6859e-04	2.6338e-03	2.1685e-03	
1.9368e+02	2.1850e-03	3.4242e-04	2.4945e-03	2.0767e-03	
1.9404e+02	2.0757e-03	3.1993e-04	2.3586e-03	1.9833e-03	
1.9440e+02	1.9696e-03	3.0059e-04	2.2263e-03	1.8891e-03	
1.9476e+02	1.8666e-03	2.8391e-04	2.0979e-03	1.7948e-03	
1.9512e+02	1.7669e-03	2.6946e-04	1.9736e-03	1.7009e-03	
1.9548e+02	1.6705e-03	2.5686e-04	1.8536e-03	1.6081e-03	
1.9584e+02	1.5776e-03	2.4578e-04	1.7379e-03	1.5169e-03	
1.9620e+02	1.4881e-03	2.3595e-04	1.6268e-03	1.4277e-03	
1.9656e+02	1.4021e-03	2.2711e-04	1.5202e-03	1.3408e-03	
1.9692e+02	1.3196e-03	2.1907e-04	1.4183e-03	1.2567e-03	
1.9728e+02	1.2405e-03	2.1164e-04	1.3210e-03	1.1756e-03	
1.9764e+02	1.1649e-03	2.0467e-04	1.2284e-03	1.0977e-03	
1.9800e+02	1.0928e-03	1.9806e-04	1.1404e-03	1.0231e-03	
1.9836e+02	1.0240e-03	1.9170e-04	1.0569e-03	9.5190e-04	
1.9872e+02	9.5853e-04	1.8551e-04	9.7796e-04	8.8421e-04	
1.9908e+02	8.9634e-04	1.7944e-04	9.0342e-04	8.2003e-04	
1.9944e+02	8.3735e-04	1.7344e-04	8.3320e-04	7.5933e-04	
1.9980e+02	7.8148e-04	1.6748e-04	7.6718e-04	7.0209e-04	
2.0016e+02	7.2864e-04	1.6153e-04	7.0525e-04	6.4822e-04	
2.0052e+02	6.7875e-04	1.5559e-04	6.4726e-04	5.9764e-04	
2.0088e+02	6.3170e-04	1.4965e-04	5.9308e-04	5.5024e-04	
2.0124e+02	5.8741e-04	1.4372e-04	5.4255e-04	5.0592e-04	
2.0160e+02	5.4575e-04	1.3779e-04	4.9552e-04	4.6456e-04	
2.0196e+02	5.0664e-04	1.3188e-04	4.5184e-04	4.2601e-04	
2.0232e+02	4.6997e-04	1.2600e-04	4.1135e-04	3.9016e-04	
2.0268e+02	4.3562e-04	1.2016e-04	3.7389e-04	3.5687e-04	
2.0304e+02	4.0349e-04	1.1439e-04	3.3929e-04	3.2600e-04	
2.0340e+02	3.7347e-04	1.0869e-04	3.0740e-04	2.9743e-04	
2.0376e+02	3.4546e-04	1.0309e-04	2.7806e-04	2.7101e-04	
2.0412e+02	3.1934e-04	9.7599e-05	2.5112e-04	2.4664e-04	
2.0448e+02	2.9503e-04	9.2230e-05	2.2643e-04	2.2417e-04	
2.0484e+02	2.7242e-04	8.7000e-05	2.0385e-04	2.0350e-04	
2.0520e+02	2.5140e-04	8.1920e-05	1.8323e-04	1.8450e-04	
2.0556e+02	2.3190e-04	7.7001e-05	1.6443e-04	1.6707e-04	
2.0592e+02	2.1380e-04	7.2253e-05	1.4733e-04	1.5109e-04	
2.0628e+02	1.9704e-04	6.7684e-05	1.3180e-04	1.3648e-04	
2.0664e+02	1.8151e-04	6.3298e-05	1.1772e-04	1.2313e-04	
2.0700e+02	1.6715e-04	5.9102e-05	1.0498e-04	1.1095e-04	
2.0736e+02	1.5387e-04	5.5097e-05	9.3479e-05	9.9860e-05	
2.0772e+02	1.4160e-04	5.1285e-05	8.3106e-05	8.9770e-05	
2.0808e+02	1.3027e-04	4.7666e-05	7.3769e-05	8.0606e-05	
2.0844e+02	1.1982e-04	4.4238e-05	6.5381e-05	7.2295e-05	
2.0880e+02	1.1018e-04	4.1000e-05	5.7857e-05	6.4768e-05	
2.0916e+02	1.0129e-04	3.7947e-05	5.1121e-05	5.7963e-05	
2.0952e+02	9.3103e-05	3.5076e-05	4.5101e-05	5.1818e-05	
2.0988e+02	8.5560e-05	3.2382e-05	3.9729e-05	4.6277e-05	
2.1024e+02	7.8615e-05	2.9857e-05	3.4945e-05	4.1290e-05	
2.1060e+02	7.2223e-05	2.7498e-05	3.0690e-05	3.6805e-05	
2.1096e+02	6.6341e-05	2.5295e-05	2.6913e-05	3.2780e-05	
2.1132e+02	6.0929e-05	2.3244e-05	2.3566e-05	2.9171e-05	
2.1168e+02	5.5952e-05	2.1336e-05	2.0605e-05	2.5941e-05	
2.1204e+02	5.1375e-05	1.9565e-05	1.7989e-05	2.3053e-05	
2.1240e+02	4.7167e-05	1.7923e-05	1.5682e-05	2.0474e-05	
2.1276e+02	4.3298e-05	1.6403e-05	1.3652e-05	1.8175e-05	
2.1312e+02	3.9741e-05	1.4997e-05	1.1867e-05	1.6128e-05	
2.1348e+02	3.6471e-05	1.3700e-05	1.0301e-05	1.4307e-05	
2.1384e+02	3.3466e-05	1.2503e-05	8.9284e-06	1.2689e-05	
2.1420e+02	3.0703e-05	1.1401e-05	7.7281e-06	1.1254e-05	
2.1456e+02	2.8164e-05	1.0388e-05	6.6798e-06	9.9813e-06	
2.1492e+02	2.5831e-05	9.4562e-06	5.7656e-06	8.8545e-06	
2.1528e+02	2.3686e-05	8.6010e-06	4.9698e-06	7.8576e-06	
2.1564e+02	2.1714e-05	7.8167e-06	4.2779e-06	6.9763e-06	
2.1600e+02	1.9902e-05	7.0981e-06	3.6774e-06	6.1979e-06	
2.1636e+02	1.8237e-05	6.4403e-06	3.1570e-06	5.5107e-06	
2.1672e+02	1.6707e-05	5.8387e-06	2.7066e-06	4.9044e-06	
2.1708e+02	1.5300e-05	5.2890e-06	2.3175e-06	4.3697e-06	
2.1744e+02	1.4008e-05	4.7872e-06	1.9817e-06	3.8983e-06	
2.1780e+02	1.2820e-05	4.3294e-06	1.6924e-06	3.4827e-06	
2.1816e+02	1.1729e-05	3.9122e-06	1.4435e-06	3.1164e-06	
2.1852e+02	1.0727e-05	3.5322e-06	1.2297e-06	2.7933e-06	
2.1888e+02	9.8059e-06	3.1864e-06	1.0463e-06	2.5084e-06	
2.1924e+02	8.9604e-06	2.8720e-06	8.8918e-07	2.2570e-06	
2.1960e+02	8.1841e-06	2.5863e-06	7.5474e-07	2.0350e-06	
2.1996e+02	7.4714e-06	2.3271e-06	6.3988e-07	1.8387e-06	
2.2032e+02	6.8174e-06	2.0919e-06	5.4187e-07	1.6650e-06	
2.2068e+02	6.2175e-06	1.8788e-06	4.5836e-07	1.5111e-06	
2.2104e+02	5.6672e-06	1.6858e-06	3.8729e-07	1.3745e-06	
2.2140e+02	5.1628e-06	1.5113e-06	3.2688e-07	1.2531e-06	
2.2176e+02	4.7005e-06	1.3535e-06	2.7560e-07	1.1450e-06	
2.2212e+02	4.2770e-06	1.2110e-06	2.3212e-07	1.0485e-06	
2.2248e+02	3.8892e-06	1.0824e-06	1.9530e-07	9.6212e-07	
2.2284e+02	3.5344e-06	9.6650e-07	1.6416e-07	8.8469e-07	
2.2320e+02	3.2098e-06	8.6213e-07	1.3785e-07	8.1508e-07	
2.2356e+02	2.9131e-06	7.6824e-07	1.1564e-07	7.5233e-07	
2.2392e+02	2.6420e-06	6.8385e-07	9.6927e-08	6.9561e-07	
2.2428e+02	2.3944e-06	6.0807e-07	8.1166e-08	6.4420e-07	
2.2464e+02	2.1685e-06	5.4011e-07	6.7908e-08	5.9748e-07	
2.2500e+02	1.9625e-06	4.7922e-07	5.6768e-08	5.5491e-07	
2.2536e+02	1.7747e-06	4.2472e-07	4.7416e-08	5.1600e-07	
2.2572e+02	1.6038e-06	3.7600e-07	3.9573e-08	4.8035e-07	
2.2608e+02	1.4481e-06	3.3248e-07	3.3002e-08	4.4760e-07	
2.2644e+02	1.3066e-06	2.9367e-07	2.7502e-08	4.1745e-07	
2.2680e+02	1.1780e-06	2.5908e-07	2.2901e-08	3.8962e-07	
2.2716e+02	1.0613e-06	2.2831e-07	1.9058e-08	3.6389e-07	
2.2752e+02	9.5531e-07	2.0095e-07	1.5848e-08	3.4004e-07	
2.2788e+02	8.5925e-07	1.7665e-07	1.3171e-08	3.1790e-07	
2.2824e+02	7.7223e-07	1.5511e-07	1.0939e-08	2.9731e-07	
2.2860e+02	6.9347e-07	1.3603e-07	9.0805e-09	2.7813e-07	
2.2896e+02	6.2224e-07	1.1916e-07	7.5334e-09	2.6025e-07	
2.2932e+02	5.5786e-07	1.0425e-07	6.2466e-09	2.4355e-07	
2.2968e+02	4.9974e-07	9.1091e-08	5.1771e-09	2.2794e-07	
2.3004e+02	4.4731e-07	7.9497e-08	4.2888e-09	2.1335e-07	
2.3040e+02	4.0005e-07	6.9293e-08	3.5514e-09	1.9968e-07	
2.3076e+02	3.5749e-07	6.0323e-08	2.9399e-09	1.8688e-07	
2.3112e+02	3.1919e-07	5.2449e-08	2.4329e-09	1.7488e-07	
2.3148e+02	2.8476e-07	4.5546e-08	2.0130e-09	1.6364e-07	
2.3184e+02	2.5383e-07	3.9502e-08	1.6655e-09	1.5309e-07	
2.3220e+02	2.2607e-07	3.4217e-08	1.3781e-09	1.4319e-07	
2.3256e+02	2.0118e-07	2.9602e-08	1.1406e-09	1.3391e-07	
2.3292e+02	1.7889e-07	2.5576e-08	9.4457e-10	1.2519e-07	
2.3328e+02	1.5893e-07	2.2071e-08	7.8304e-10	1.1702e-07	
2.3364e+02	1.4108e-07	1.9022e-08	6.5014e-10	1.0935e-07	
2.3400e+02	1.2513e-07	1.6373e-08	5.4104e-10	1.0215e-07	
2.3436e+02	1.1089e-07	1.4076e-08	4.5177e-10	9.5405e-08	
2.3472e+02	9.8190e-08	1.2085e-08	3.7903e-10	8.9074e-08	
2.3508e+02	8.6872e-08	1.0363e-08	3.2011e-10	8.3137e-08	
2.3544e+02	7.6794e-08	8.8756e-09	2.7280e-10	7.7572e-08	
2.3580e+02	6.7829e-08	7.5920e-09	2.3529e-10	7.2356e-08	
2.3616e+02	5.9860e-08	6.4860e-09	2.0612e-10	6.7468e-08	
2.3652e+02	5.2784e-08	5.5343e-09	1.8411e-10	6.2890e-08	
2.3688e+02	4.6505e-08	4.7165e-09	1.6833e-10	5.8603e-08	
2.3724e+02	4.0940e-08	4.0147e-09	1.5809e-10	5.4590e-08	
2.3760e+02	3.6010e-08	3.4134e-09	1.5283e-10	5.0835e-08	
2.3796e+02	3.1647e-08	2.8989e-09	1.5221e-10	4.7322e-08	
2.3832e+02	2.7790e-08	2.4592e-09	1.5599e-10	4.4037e-08	
2.3868e+02	2.4383e-08	2.0842e-09	1.6408e-10	4.0966e-08	
2.3904e+02	2.1376e-08	1.7647e-09	1.7652e-10	3.8096e-08	
2.3940e+02	1.8724e-08	1.4929e-09	1.9347e-10	3.5415e-08	
2.3976e+02	1.6387e-08	1.2623e-09	2.1519e-10	3.2912e-08	
2.4012e+02	1.4330e-08	1.0668e-09	2.4209e-10	3.0576e-08	
2.4048e+02	1.2521e-08	9.0147e-10	2.7467e-10	2.8396e-08	
2.4084e+02	1.0931e-08	7.6201e-10	3.1362e-10	2.6362e-08	
2.4120e+02	9.5353e-09	6.4468e-10	3.5973e-10	2.4467e-08	
2.4156e+02	8.3108e-09	5.4628e-10	4.1397e-10	2.2700e-08	
2.4192e+02	7.2377e-09	4.6408e-10	4.7752e-10	2.1053e-08	
2.4228e+02	6.2980e-09	3.9576e-10	5.5175e-10	1.9520e-08	
2.4264e+02	5.4760e-09	3.3934e-10	6.3828e-10	1.8093e-08	
2.4300e+02	4.7575e-09	2.9315e-10	7.3901e-10	1.6764e-08	
2.4336e+02	4.1301e-09	2.5577e-10	8.5615e-10	1.5528e-08	
2.4372e+02	3.5829e-09	2.2602e-10	9.9231e-10	1.4379e-08	
2.4408e+02	3.1061e-09	2.0292e-10	1.1505e-09	1.3311e-08	
2.4444e+02	2.6912e-09	1.8566e-10	1.3343e-09	1.2318e-08	
2.4480e+02	2.3306e-09	1.7359e-10	1.5479e-09	1.1395e-08	
2.4516e+02	2.0178e-09	1.6618e-10	1.7960e-09	1.0539e-08	
2.4552e+02	1.7469e-09	1.6304e-10	2.0843e-09	9.7438e-09	
2.4588e+02	1.5129e-09	1.6386e-10	2.4195e-09	9.0060e-09	
2.4624e+02	1.3115e-09	1.6846e-10	2.8092e-09	8.3216e-09	
2.4660e+02	1.1388e-09	1.7671e-10	3.2625e-09	7.6870e-09	
2.4696e+02	9.9185e-10	1.8859e-10	3.7901e-09	7.0988e-09	
2.4732e+02	8.6782e-10	2.0416e-10	4.4043e-09	6.5537e-09	
2.4768e+02	7.6461e-10	2.2352e-10	5.1198e-09	6.0488e-09	
2.4804e+02	6.8057e-10	2.4688e-10	5.9537e-09	5.5814e-09	
2.4840e+02	6.1451e-10	2.7451e-10	6.9262e-09	5.1488e-09	
2.4876e+02	5.6575e-10	3.0676e-10	8.0609e-09	4.7485e-09	
2.4912e+02	5.3413e-10	3.4404e-10	9.3859e-09	4.3785e-09	
2.4948e+02	5.2006e-10	3.8685e-10	1.0934e-08	4.0364e-09	
2.4984e+02	5.2460e-10	4.3580e-10	1.2744e-08	3.7205e-09	
2.5020e+02	5.4953e-10	4.9157e-10	1.4861e-08	3.4288e-09	
2.5056e+02	5.9747e-10	5.5494e-10	1.7340e-08	3.1598e-09	
2.5092e+02	6.7207e-10	6.2683e-10	2.0244e-08	2.9118e-09	
2.5128e+02	7.7817e-10	7.0826e-10	2.3649e-08	2.6834e-09	
2.5164e+02	9.2210e-10	8.0040e-10	2.7642e-08	2.4734e-09	
2.5200e+02	1.1119e-09	9.0458e-10	3.2329e-08	2.2805e-09	
2.5236e+02	1.3579e-09	1.0223e-09	3.7833e-08	2.1036e-09	
2.5272e+02	1.6730e-09	1.1553e-09	4.4301e-08	1.9419e-09	
2.5308e+02	2.0733e-09	1.3054e-09	5.1906e-08	1.7943e-09	
2.5344e+02	2.5790e-09	1.4749e-09	6.0850e-08	1.6602e-09	
2.5380e+02	3.2150e-09	1.6662e-09	7.1375e-08	1.5389e-09	
2.5416e+02	4.0123e-09	1.8820e-09	8.3765e-08	1.4298e-09	
2.5452e+02	5.0090e-09	2.1256e-09	9.8354e-08	1.3326e-09	
2.5488e+02	6.2521e-09	2.4004e-09	1.1554e-07	1.2469e-09	
2.5524e+02	7.7992e-09	2.7105e-09	1.3578e-07	1.1726e-09	
2.5560e+02	9.7213e-09	3.0603e-09	1.5962e-07	1.1096e-09	
2.5596e+02	1.2105e-08	3.4552e-09	1.8771e-07	1.0580e-09	
2.5632e+02	1.5055e-08	3.9007e-09	2.2080e-07	1.0181e-09	
2.5668e+02	1.8702e-08	4.4037e-09	2.5978e-07	9.9042e-10	
2.5704e+02	2.3201e-08	4.9716e-09	3.0569e-07	9.7558e-10	
2.5740e+02	2.8743e-08	5.6128e-09	3.5973e-07	9.7448e-10	
2.5776e+02	3.5557e-08	6.3373e-09	4.2334e-07	9.8832e-10	
2.5812e+02	4.3923e-08	7.1559e-09	4.9816e-07	1.0186e-09	
2.5848e+02	5.4175e-08	8.0815e-09	5.8614e-07	1.0671e-09	
2.5884e+02	6.6718e-08	9.1284e-09	6.8953e-07	1.1363e-09	
2.5920e+02	8.2037e-08	1.0313e-08	8.1095e-07	1.2287e-09	
2.5956e+02	1.0071e-07	1.1655e-08	9.5343e-07	1.3479e-09	
2.5992e+02	1.2344e-07	1.3176e-08	1.1205e-06	1.4980e-09	
2.6028e+02	1.5106e-07	1.4901e-08	1.3162e-06	1.6838e-09	
2.6064e+02	1.8454e-07	1.6860e-08	1.5454e-06	1.9114e-09	
2.6100e+02	2.2508e-07	1.9087e-08	1.8133e-06	2.1880e-09	
2.6136e+02	2.7406e-07	2.1621e-08	2.1263e-06	2.5222e-09	
2.6172e+02	3.3312e-07	2.4509e-08	2.4915e-06	2.9247e-09	
2.6208e+02	4.0422e-07	2.7806e-08	2.9172e-06	3.4082e-09	
2.6244e+02	4.8965e-07	3.1575e-08	3.4128e-06	3.9884e-09	
2.6280e+02	5.9210e-07	3.5894e-08	3.9891e-06	4.6842e-09	
2.6316e+02	7.1471e-07	4.0851e-08	4.6582e-06	5.5189e-09	
2.6352e+02	8.6119e-07	4.6555e-08	5.4343e-06	6.5210e-09	
2.6388e+02	1.0358e-06	5.3134e-08	6.3330e-06	7.7258e-09	
2.6424e+02	1.2436e-06	6.0741e-08	7.3724e-06	9.1765e-09	
2.6460e+02	1.4904e-06	6.9563e-08	8.5727e-06	1.0927e-08	
2.6496e+02	1.7830e-06	7.9824e-08	9.9567e-06	1.3044e-08	
2.6532e+02	2.1290e-06	9.1794e-08	1.1550e-05	1.5609e-08	
2.6568e+02	2.5374e-06	1.0580e-07	1.3382e-05	1.8727e-08	
2.6604e+02	3.0186e-06	1.2225e-07	1.5485e-05	2.2526e-08	
2.6640e+02	3.5843e-06	1.4162e-07	1.7894e-05	2.7167e-08	
2.6676e+02	4.2480e-06	1.6452e-07	2.0650e-05	3.2851e-08	
2.6712e+02	5.0252e-06	1.9165e-07	2.3798e-05	3.9828e-08	
2.6748e+02	5.9332e-06	2.2392e-07	2.7387e-05	4.8415e-08	
2.6784e+02	6.9919e-06	2.6239e-07	3.1473e-05	5.9004e-08	
2.6820e+02	8.2238e-06	3.0839e-07	3.6115e-05	7.2087e-08	
2.6856e+02	9.6541e-06	3.6353e-07	4.1380e-05	8.8278e-08	
2.6892e+02	1.1311e-05	4.2977e-07	4.7342e-05	1.0834e-07	
2.6928e+02	1.3227e-05	5.0950e-07	5.4080e-05	1.3324e-07	
2.6964e+02	1.5437e-05	6.0563e-07	6.1681e-05	1.6415e-07	
2.7000e+02	1.7982e-05	7.2168e-07	7.0240e-05	2.0255e-07	
2.7036e+02	2.0904e-05	8.6195e-07	7.9861e-05	2.5027e-07	
2.7072e+02	2.4254e-05	1.0316e-06	9.0654e-05	3.0956e-07	
2.7108e+02	2.8084e-05	1.2369e-06	1.0274e-04	3.8322e-07	
2.7144e+02	3.2456e-05	1.4853e-06	1.1624e-04	4.7466e-07	
2.7180e+02	3.7433e-05	1.7860e-06	1.3131e-04	5.8810e-07	
2.7216e+02	4.3087e-05	2.1497e-06	1.4808e-04	7.2867e-07	
2.7252e+02	4.9495e-05	2.5894e-06	1.6671e-04	9.0265e-07	
2.7288e+02	5.6743e-05	3.1206e-06	1.8737e-04	1.1177e-06	
2.7324e+02	6.4921e-05	3.7615e-06	2.1023e-04	1.3830e-06	
2.7360e+02	7.4128e-05	4.5340e-06	2.3548e-04	1.7097e-06	
2.7396e+02	8.4470e-05	5.4635e-06	2.6331e-04	2.1114e-06	
2.7432e+02	9.6059e-05	6.5805e-06	2.9391e-04	2.6042e-06	
2.7468e+02	1.0902e-04	7.9202e-06	3.2751e-04	3.2073e-06	
2.7504e+02	1.2347e-04	9.5242e-06	3.6430e-04	3.9438e-06	
2.7540e+02	1.3955e-04	1.1441e-05	4.0451e-04	4.8410e-06	
2.7576e+02	1.5740e-04	1.3725e-05	4.4837e-04	5.9312e-06	
2.7612e+02	1.7718e-04	1.6444e-05	4.9609e-04	7.2525e-06	
2.7648e+02	1.9903e-04	1.9670e-05	5.4792e-04	8.8496e-06	
2.7684e+02	2.2311e-04	2.3490e-05	6.0408e-04	1.0775e-05	
2.7720e+02	2.4959e-04	2.8002e-05	6.6479e-04	1.3088e-05	
2.7756e+02	2.7864e-04	3.3317e-05	7.3028e-04	1.5862e-05	
2.7792e+02	3.1042e-04	3.9564e-05	8.0077e-04	1.9175e-05	
2.7828e+02	3.4511e-04	4.6884e-05	8.7647e-04	2.3124e-05	
2.7864e+02	3.8288e-04	5.5440e-05	9.5756e-04	2.7813e-05	
2.7900e+02	4.2390e-04	6.5412e-05	1.0442e-03	3.3366e-05	
2.7936e+02	4.6834e-04	7.7001e-05	1.1367e-03	3.9921e-05	
2.7972e+02	5.1635e-04	9.0432e-05	1.2350e-03	4.7634e-05	
2.8008e+02	5.6810e-04	1.0595e-04	1.3394e-03	5.6681e-05	
2.8044e+02	6.2373e-04	1.2383e-04	1.4498e-03	6.7259e-05	
2.8080e+02	6.8338e-04	1.4437e-04	1.5665e-03	7.9585e-05	
2.8116e+02	7.4715e-04	1.6789e-04	1.6894e-03	9.3903e-05	
2.8152e+02	8.1517e-04	1.9474e-04	1.8185e-03	1.1048e-04	
2.8188e+02	8.8751e-04	2.2530e-04	1.9538e-03	1.2960e-04	
2.8224e+02	9.6424e-04	2.5997e-04	2.0953e-03	1.5159e-04	
2.8260e+02	1.0454e-03	2.9917e-04	2.2428e-03	1.7679e-04	
2.8296e+02	1.1310e-03	3.4336e-04	2.3961e-03	2.0556e-04	
2.8332e+02	1.2210e-03	3.9300e-04	2.5551e-03	2.3831e-04	
2.8368e+02	1.3155e-03	4.4858e-04	2.7194e-03	2.7544e-04	
2.8404e+02	1.4142e-03	5.1060e-04	2.8889e-03	3.1741e-04	
2.8440e+02	1.5171e-03	5.7957e-04	3.0630e-03	3.6466e-04	
2.8476e+02	1.6241e-03	6.5599e-04	3.2416e-03	4.1768e-04	
2.8512e+02	1.7350e-03	7.4038e-04	3.4240e-03	4.7695e-04	
2.8548e+02	1.8496e-03	8.3322e-04	3.6098e-03	5.4296e-04	
2.8584e+02	1.9675e-03	9.3499e-04	3.7984e-03	6.1621e-04	
2.8620e+02	2.0885e-03	1.0461e-03	3.9893e-03	6.9719e-04	
2.8656e+02	2.2123e-03	1.1670e-03	4.1817e-03	7.8638e-04	
2.8692e+02	2.3385e-03	1.2981e-03	4.3752e-03	8.8423e-04	
2.8728e+02	2.4666e-03	1.4395e-03	4.5688e-03	9.9117e-04	
2.8764e+02	2.5963e-03	1.5916e-03	4.7619e-03	1.1076e-03	
2.8800e+02	2.7270e-03	1.7544e-03	4.9537e-03	1.2338e-03	
2.8836e+02	2.8582e-03	1.9280e-03	5.1434e-03	1.3701e-03	
2.8872e+02	2.9894e-03	2.1123e-03	5.3302e-03	1.5167e-03	
2.8908e+02	3.1201e-03	2.3071e-03	5.5133e-03	1.6737e-03	
2.8944e+02	3.2496e-03	2.5119e-03	5.6918e-03	1.8412e-03	
2.8980e+02	3.3773e-03	2.7265e-03	5.8649e-03	2.0190e-03	
2.9016e+02	3.5026e-03	2.9500e-03	6.0318e-03	2.2070e-03	
2.9052e+02	3.6250e-03	3.1818e-03	6.1916e-03	2.4048e-03	
2.9088e+02	3.7437e-03	3.4208e-03	6.3437e-03	2.6120e-03	
2.9124e+02	3.8582e-03	3.6661e-03	6.4871e-03	2.8281e-03	
2.9160e+02	3.9678e-03	3.9162e-03	6.6213e-03	3.0522e-03	
2.9196e+02	4.0720e-03	4.1698e-03	6.7455e-03	3.2836e-03	
2.9232e+02	4.1702e-03	4.4253e-03	6.8590e-03	3.5213e-03	
2.9268e+02	4.2618e-03	4.6810e-03	6.9613e-03	3.7640e-03	
2.9304e+02	4.3462e-03	4.9351e-03	7.0519e-03	4.0105e-03	
2.9340e+02	4.4231e-03	5.1857e-03	7.1302e-03	4.2594e-03	
2.9376e+02	4.4919e-03	5.4308e-03	7.1959e-03	4.5092e-03	
2.9412e+02	4.5523e-03	5.6683e-03	7.2486e-03	4.7582e-03	
2.9448e+02	4.6040e-03	5.8962e-03	7.2880e-03	5.0048e-03	
2.9484e+02	4.6465e-03	6.1123e-03	7.3140e-03	5.2470e-03	
2.9520e+02	4.6796e-03	6.3146e-03	7.3265e-03	5.4832e-03	
2.9556e+02	4.7033e-03	6.5012e-03	7.3253e-03	5.7114e-03	
2.9592e+02	4.7173e-03	6.6702e-03	7.3106e-03	5.9297e-03	
2.9628e+02	4.7215e-03	6.8197e-03	7.2824e-03	6.1364e-03	
2.9664e+02	4.7160e-03	6.9483e-03	7.2409e-03	6.3297e-03	
2.9700e+02	4.7009e-03	7.0544e-03	7.1865e-03	6.5077e-03	
2.9736e+02	4.6761e-03	7.1369e-03	7.1193e-03	6.6690e-03	
2.9772e+02	4.6420e-03	7.1949e-03	7.0399e-03	6.8120e-03	
2.9808e+02	4.5987e-03	7.2276e-03	6.9486e-03	6.9354e-03	
2.9844e+02	4.5465e-03	7.2346e-03	6.8460e-03	7.0380e-03	
2.9880e+02	4.4857e-03	7.2158e-03	6.7327e-03	7.1189e-03	
2.9916e+02	4.4168e-03	7.1714e-03	6.6093e-03	7.1773e-03	
2.9952e+02	4.3401e-03	7.1016e-03	6.4764e-03	7.2125e-03	
2.9988e+02	4.2561e-03	7.0074e-03	6.3347e-03	7.2244e-03	
3.0024e+02	4.1654e-03	6.8896e-03	6.1850e-03	7.2129e-03	
3.0060e+02	4.0684e-03	6.7494e-03	6.0281e-03	7.1780e-03	
3.0096e+02	3.9657e-03	6.5884e-03	5.8646e-03	7.1201e-03	
3.0132e+02	3.8579e-03	6.4082e-03	5.6954e-03	7.0400e-03	
3.0168e+02	3.7455e-03	6.2105e-03	5.5213e-03	6.9383e-03	
3.0204e+02	3.6292e-03	5.9975e-03	5.3430e-03	6.8161e-03	
3.0240e+02	3.5095e-03	5.7710e-03	5.1614e-03	6.6747e-03	
3.0276e+02	3.3871e-03	5.5334e-03	4.9773e-03	6.5154e-03	
3.0312e+02	3.2625e-03	5.2868e-03	4.7913e-03	6.3397e-03	
3.0348e+02	3.1364e-03	5.0333e-03	4.6043e-03	6.1493e-03	
3.0384e+02	3.0092e-03	4.7751e-03	4.4168e-03	5.9458e-03	
3.0420e+02	2.8816e-03	4.5143e-03	4.2298e-03	5.7312e-03	
3.0456e+02	2.7541e-03	4.2530e-03	4.0436e-03	5.5072e-03	
3.0492e+02	2.6271e-03	3.9928e-03	3.8591e-03	5.2757e-03	
3.0528e+02	2.5012e-03	3.7358e-03	3.6768e-03	5.0386e-03	
3.0564e+02	2.3767e-03	3.4833e-03	3.4971e-03	4.7976e-03	
3.0600e+02	2.2542e-03	3.2369e-03	3.3206e-03	4.5546e-03	
3.0636e+02	2.1339e-03	2.9978e-03	3.1478e-03	4.3112e-03	
3.0672e+02	2.0162e-03	2.7671e-03	2.9789e-03	4.0690e-03	
3.0708e+02	1.9014e-03	2.5457e-03	2.8145e-03	3.8295e-03	
3.0744e+02	1.7898e-03	2.3343e-03	2.6548e-03	3.5941e-03	
3.0780e+02	1.6817e-03	2.1336e-03	2.5001e-03	3.3639e-03	
3.0816e+02	1.5771e-03	1.9438e-03	2.3506e-03	3.1401e-03	
3.0852e+02	1.4763e-03	1.7652e-03	2.2065e-03	2.9236e-03	
3.0888e+02	1.3795e-03	1.5980e-03	2.0679e-03	2.7153e-03	
3.0924e+02	1.2866e-03	1.4420e-03	1.9349e-03	2.5157e-03	
3.0960e+02	1.1978e-03	1.2973e-03	1.8076e-03	2.3255e-03	
3.0996e+02	1.1131e-03	1.1635e-03	1.6861e-03	2.1449e-03	
3.1032e+02	1.0326e-03	1.0403e-03	1.5704e-03	1.9743e-03	
3.1068e+02	9.5622e-04	9.2735e-04	1.4603e-03	1.8138e-03	
3.1104e+02	8.8390e-04	8.2419e-04	1.3559e-03	1.6634e-03	
3.1140e+02	8.1562e-04	7.3033e-04	1.2571e-03	1.5230e-03	
3.1176e+02	7.5130e-04	6.4526e-04	1.1637e-03	1.3925e-03	
3.1212e+02	6.9086e-04	5.6844e-04	1.0757e-03	1.2716e-03	
3.1248e+02	6.3419e-04	4.9932e-04	9.9292e-04	1.1600e-03	
3.1284e+02	5.8118e-04	4.3735e-04	9.1519e-04	1.0574e-03	
3.1320e+02	5.3169e-04	3.8198e-04	8.4234e-04	9.6328e-04	
3.1356e+02	4.8560e-04	3.3269e-04	7.7420e-04	8.7724e-04	
3.1392e+02	4.4277e-04	2.8894e-04	7.1059e-04	7.9881e-04	
3.1428e+02	4.0305e-04	2.5026e-04	6.5131e-04	7.2749e-04	
3.1464e+02	3.6629e-04	2.1616e-04	5.9618e-04	6.6280e-04	
3.1500e+02	3.3234e-04	1.8620e-04	5.4498e-04	6.0423e-04	
3.1536e+02	3.0105e-04	1.5996e-04	4.9753e-04	5.5129e-04	
3.1572e+02	2.7227e-04	1.3705e-04	4.5362e-04	5.0352e-04	
3.1608e+02	2.4585e-04	1.1712e-04	4.1306e-04	4.6044e-04	
3.1644e+02	2.2164e-04	9.9819e-05	3.7566e-04	4.2162e-04	
3.1680e+02	1.9951e-04	8.4858e-05	3.4122e-04	3.8665e-04	
3.1716e+02	1.7931e-04	7.1957e-05	3.0956e-04	3.5514e-04	
3.1752e+02	1.6091e-04	6.0865e-05	2.8050e-04	3.2672e-04	
3.1788e+02	1.4418e-04	5.1357e-05	2.5387e-04	3.0105e-04	
3.1824e+02	1.2900e-04	4.3230e-05	2.2950e-04	2.7784e-04	
3.1860e+02	1.1524e-04	3.6304e-05	2.0724e-04	2.5681e-04	
3.1896e+02	1.0280e-04	3.0418e-05	1.8693e-04	2.3770e-04	
3.1932e+02	9.1569e-05	2.5431e-05	1.6842e-04	2.2028e-04	
3.1968e+02	8.1448e-05	2.1216e-05	1.5158e-04	2.0437e-04	
3.2004e+02	7.2341e-05	1.7664e-05	1.3628e-04	1.8979e-04	
3.2040e+02	6.4163e-05	1.4678e-05	1.2240e-04	1.7637e-04	
3.2076e+02	5.6829e-05	1.2176e-05	1.0982e-04	1.6400e-04	
3.2112e+02	5.0264e-05	1.0083e-05	9.8429e-05	1.5254e-04	
3.2148e+02	4.4397e-05	8.3372e-06	8.8135e-05	1.4190e-04	
3.2184e+02	3.9161e-05	6.8846e-06	7.8841e-05	1.3199e-04	
3.2220e+02	3.4496e-05	5.6787e-06	7.0460e-05	1.2275e-04	
3.2256e+02	3.0347e-05	4.6798e-06	6.2911e-05	1.1410e-04	
3.2292e+02	2.6662e-05	3.8540e-06	5.6119e-05	1.0600e-04	
3.2328e+02	2.3393e-05	3.1727e-06	5.0015e-05	9.8406e-05	
3.2364e+02	2.0499e-05	2.6115e-06	4.4534e-05	9.1274e-05	
3.2400e+02	1.7940e-05	2.1500e-06	3.9620e-05	8.4575e-05	
3.2436e+02	1.5680e-05	1.7711e-06	3.5217e-05	7.8282e-05	
3.2472e+02	1.3688e-05	1.4603e-06	3.1276e-05	7.2371e-05	
3.2508e+02	1.1934e-05	1.2056e-06	2.7754e-05	6.6821e-05	
3.2544e+02	1.0392e-05	9.9698e-07	2.4607e-05	6.1615e-05	
3.2580e+02	9.0385e-06	8.2620e-07	2.1799e-05	5.6737e-05	
3.2616e+02	7.8515e-06	6.8637e-07	1.9296e-05	5.2170e-05	
3.2652e+02	6.8121e-06	5.7184e-07	1.7066e-05	4.7901e-05	
3.2688e+02	5.9033e-06	4.7795e-07	1.5083e-05	4.3916e-05	
3.2724e+02	5.1096e-06	4.0089e-07	1.3319e-05	4.0203e-05	
3.2760e+02	4.4175e-06	3.3753e-07	1.1752e-05	3.6749e-05	
3.2796e+02	3.8146e-06	2.8533e-07	1.0362e-05	3.3541e-05	
3.2832e+02	3.2901e-06	2.4221e-07	9.1285e-06	3.0568e-05	
3.2868e+02	2.8344e-06	2.0648e-07	8.0361e-06	2.7817e-05	
3.2904e+02	2.4391e-06	1.7677e-07	7.0690e-06	2.5277e-05	
3.2940e+02	2.0965e-06	1.5197e-07	6.2136e-06	2.2936e-05	
3.2976e+02	1.7999e-06	1.3119e-07	5.4576e-06	2.0782e-05	
3.3012e+02	1.5435e-06	1.1369e-07	4.7900e-06	1.8804e-05	
3.3048e+02	1.3222e-06	9.8890e-08	4.2009e-06	1.6991e-05	
3.3084e+02	1.1313e-06	8.6311e-08	3.6816e-06	1.5333e-05	
3.3120e+02	9.6687e-07	7.5568e-08	3.2240e-06	1.3818e-05	
3.3156e+02	8.2541e-07	6.6350e-08	2.8213e-06	1.2437e-05	
3.3192e+02	7.0386e-07	5.8404e-08	2.4671e-06	1.1180e-05	
3.3228e+02	5.9954e-07	5.1524e-08	2.1557e-06	1.0037e-05	
3.3264e+02	5.1011e-07	4.5543e-08	1.8823e-06	9.0012e-06	
3.3300e+02	4.3353e-07	4.0322e-08	1.6424e-06	8.0625e-06	
3.3336e+02	3.6804e-07	3.5749e-08	1.4321e-06	7.2134e-06	
3.3372e+02	3.1210e-07	3.1731e-08	1.2478e-06	6.4466e-06	
3.3408e+02	2.6437e-07	2.8190e-08	1.0864e-06	5.7550e-06	
3.3444e+02	2.2369e-07	2.5063e-08	9.4525e-07	5.1321e-06	
3.3480e+02	1.8905e-07	2.2294e-08	8.2186e-07	4.5718e-06	
3.3516e+02	1.5961e-07	1.9839e-08	7.1409e-07	4.0684e-06	
3.3552e+02	1.3460e-07	1.7659e-08	6.2003e-07	3.6168e-06	
3.3588e+02	1.1339e-07	1.5719e-08	5.3799e-07	3.2121e-06	
3.3624e+02	9.5411e-08	1.3993e-08	4.6649e-07	2.8498e-06	
3.3660e+02	8.0197e-08	1.2455e-08	4.0423e-07	2.5259e-06	
3.3696e+02	6.7335e-08	1.1085e-08	3.5005e-07	2.2367e-06	
3.3732e+02	5.6474e-08	9.8623e-09	3.0294e-07	1.9786e-06	
3.3768e+02	4.7314e-08	8.7720e-09	2.6201e-07	1.7486e-06	
3.3804e+02	3.9596e-08	7.7995e-09	2.2646e-07	1.5439e-06	
3.3840e+02	3.3101e-08	6.9319e-09	1.9562e-07	1.3618e-06	
3.3876e+02	2.7642e-08	6.1580e-09	1.6888e-07	1.2000e-06	
3.3912e+02	2.3058e-08	5.4679e-09	1.4572e-07	1.0564e-06	
3.3948e+02	1.9214e-08	4.8526e-09	1.2565e-07	9.2908e-07	
3.3984e+02	1.5993e-08	4.3043e-09	1.0830e-07	8.1631e-07	
3.4020e+02	1.3298e-08	3.8157e-09	9.3287e-08	7.1652e-07	
3.4056e+02	1.1046e-08	3.3806e-09	8.0316e-08	6.2830e-07	
3.4092e+02	9.1655e-09	2.9934e-09	6.9115e-08	5.5039e-07	
3.4128e+02	7.5972e-09	2.6488e-09	5.9448e-08	4.8166e-07	
3.4164e+02	6.2907e-09	2.3425e-09	5.1110e-08	4.2107e-07	
3.4200e+02	5.2035e-09	2.0702e-09	4.3922e-08	3.6773e-07	
3.4236e+02	4.2998e-09	1.8284e-09	3.7730e-08	3.2082e-07	
3.4272e+02	3.5495e-09	1.6138e-09	3.2398e-08	2.7959e-07	
3.4308e+02	2.9272e-09	1.4234e-09	2.7809e-08	2.4341e-07	
3.4344e+02	2.4115e-09	1.2546e-09	2.3862e-08	2.1168e-07	
3.4380e+02	1.9848e-09	1.1051e-09	2.0469e-08	1.8389e-07	
3.4416e+02	1.6320e-09	9.7274e-10	1.7553e-08	1.5957e-07	
3.4452e+02	1.3406e-09	8.5564e-10	1.5048e-08	1.3832e-07	
3.4488e+02	1.1002e-09	7.5211e-10	1.2897e-08	1.1977e-07	
3.4524e+02	9.0201e-10	6.6065e-10	1.1052e-08	1.0358e-07	
3.4560e+02	7.3887e-10	5.7990e-10	9.4681e-09	8.9489e-08	
3.4596e+02	6.0468e-10	5.0867e-10	8.1100e-09	7.7224e-08	
3.4632e+02	4.9441e-10	4.4587e-10	6.9457e-09	6.6564e-08	
3.4668e+02	4.0390e-10	3.9054e-10	5.9476e-09	5.7310e-08	
3.4704e+02	3.2966e-10	3.4184e-10	5.0925e-09	4.9286e-08	
3.4740e+02	2.6884e-10	2.9900e-10	4.3599e-09	4.2336e-08	
3.4776e+02	2.1906e-10	2.6134e-10	3.7324e-09	3.6324e-08	
3.4812e+02	1.7834e-10	2.2826e-10	3.1951e-09	3.1129e-08	
3.4848e+02	1.4508e-10	1.9923e-10	2.7350e-09	2.6646e-08	
3.4884e+02	1.1792e-10	1.7376e-10	2.3412e-09	2.2782e-08	
3.4920e+02	9.5774e-11	1.5144e-10	2.0041e-09	1.9455e-08	
3.4956e+02	7.7726e-11	1.3190e-10	1.7155e-09	1.6594e-08	
3.4992e+02	6.3031e-11	1.1479e-10	1.4686e-09	1.4137e-08	
3.5028e+02	5.1076e-11	9.9833e-11	1.2572e-09	1.2030e-08	
3.5064e+02	4.1359e-11	8.6762e-11	1.0764e-09	1.0224e-08	
3.5100e+02	3.3468e-11	7.5349e-11	9.2158e-10	8.6793e-09	
3.5136e+02	2.7063e-11	6.5391e-11	7.8912e-10	7.3591e-09	
3.5172e+02	2.1870e-11	5.6708e-11	6.7575e-10	6.2322e-09	
3.5208e+02	1.7663e-11	4.9144e-11	5.7872e-10	5.2715e-09	
3.5244e+02	1.4258e-11	4.2558e-11	4.9566e-10	4.4536e-09	
3.5280e+02	1.1503e-11	3.6829e-11	4.2457e-10	3.7580e-09	
3.5316e+02	9.2775e-12	3.1850e-11	3.6371e-10	3.1673e-09	
3.5352e+02	7.4812e-12	2.7524e-11	3.1160e-10	2.6662e-09	
3.5388e+02	6.0333e-12	2.3769e-11	2.6698e-10	2.2418e-09	
3.5424e+02	4.8682e-12	2.0513e-11	2.2877e-10	1.8826e-09	
3.5460e+02	3.9326e-12	1.7691e-11	1.9605e-10	1.5790e-09	
3.5496e+02	3.1836e-12	1.5248e-11	1.6802e-10	1.3229e-09	
3.5532e+02	2.5867e-12	1.3133e-11	1.4402e-10	1.1069e-09	
3.5568e+02	2.1139e-12	1.1305e-11	1.2345e-10	9.2510e-10	
3.5604e+02	1.7434e-12	9.7264e-12	1.0583e-10	7.7222e-10	
3.5640e+02	1.4575e-12	8.3640e-12	9.0743e-11	6.4383e-10	
3.5676e+02	1.2428e-12	7.1894e-12	7.7816e-11	5.3614e-10	
3.5712e+02	1.0890e-12	6.1780e-12	6.6745e-11	4.4593e-10	
3.5748e+02	9.8854e-13	5.3083e-12	5.7265e-11	3.7045e-10	
3.5784e+02	9.3648e-13	4.5615e-12	4.9151e-11	3.0737e-10	
3.5820e+02	9.2997e-13	3.9215e-12	4.2210e-11	2.5473e-10	
3.5856e+02	9.6826e-13	3.3742e-12	3.6277e-11	2.1085e-10	
3.5892e+02	1.0526e-12	2.9077e-12	3.1214e-11	1.7432e-10	
3.5928e+02	1.1861e-12	2.5116e-12	2.6899e-11	1.4395e-10	
3.5964e+02	1.3742e-12	2.1772e-12	2.3233e-11	1.1872e-10	
0.0000e+00	1.6245e-12	1.8968e-12	2.0129e-11	9.7803e-11	
3.6000e-01	1.9469e-12	1.6642e-12	1.7515e-11	8.0471e-11	
7.2000e-01	2.3545e-12	1.4743e-12	1.5330e-11	6.6132e-11	
1.0800e+00	2.8636e-12	1.3229e-12	1.3525e-11	5.4284e-11	
1.4400e+00	3.4942e-12	1.2065e-12	1.2059e-11	4.4506e-11	
1.8000e+00	4.2711e-12	1.1227e-12	1.0900e-11	3.6448e-11	
2.1600e+00	5.2243e-12	1.0698e-12	1.0023e-11	2.9816e-11	
2.5200e+00	6.3902e-12	1.0469e-12	9.4112e-12	2.4366e-11	
2.8800e+00	7.8128e-12	1.0538e-12	9.0529e-12	1.9893e-11	
3.2400e+00	9.5453e-12	1.0911e-12	8.9445e-12	1.6229e-11	
3.6000e+00	1.1651e-11	1.1601e-12	9.0886e-12	1.3234e-11	
3.9600e+00	1.4207e-11	1.2631e-12	9.4947e-12	1.0792e-11	
4.3200e+00	1.7305e-11	1.4030e-12	1.0180e-11	8.8073e-12	
4.6800e+00	2.1053e-11	1.5840e-12	1.1168e-11	7.2022e-12	
5.0400e+00	2.5583e-11	1.8110e-12	1.2492e-11	5.9130e-12	
5.4000e+00	3.1050e-11	2.0904e-12	1.4196e-11	4.8886e-12	
5.7600e+00	3.7640e-11	2.4297e-12	1.6333e-11	4.0887e-12	
6.1200e+00	4.5572e-11	2.8380e-12	1.8968e-11	3.4824e-12	
6.4800e+00	5.5109e-11	3.3261e-12	2.2184e-11	3.0473e-12	
6.8400e+00	6.6560e-11	3.9067e-12	2.6078e-11	2.7686e-12	
7.2000e+00	8.0293e-11	4.5950e-12	3.0768e-11	2.6393e-12	
7.5600e+00	9.6740e-11	5.4084e-12	3.6394e-11	2.6601e-12	
7.9200e+00	1.1642e-10	6.3676e-12	4.3125e-11	2.8395e-12	
8.2800e+00	1.3992e-10	7.4966e-12	5.1163e-11	3.1951e-12	
8.6400e+00	1.6797e-10	8.8233e-12	6.0747e-11	3.7546e-12	
9.0000e+00	2.0140e-10	1.0380e-11	7.2163e-11	4.5578e-12	
9.3600e+00	2.4120e-10	1.2205e-11	8.5750e-11	5.6592e-12	
9.7200e+00	2.8851e-10	1.4342e-11	1.0191e-10	7.1309e-12	
1.0080e+01	3.4470e-10	1.6841e-11	1.2113e-10	9.0674e-12	
1.0440e+01	4.1134e-10	1.9761e-11	1.4398e-10	1.1591e-11	
1.0800e+01	4.9030e-10	2.3171e-11	1.7113e-10	1.4857e-11	
1.1160e+01	5.8373e-10	2.7148e-11	2.0340e-10	1.9068e-11	
1.1520e+01	6.9415e-10	3.1784e-11	2.4176e-10	2.4476e-11	
1.1880e+01	8.2453e-10	3.7182e-11	2.8733e-10	3.1406e-11	
1.2240e+01	9.7827e-10	4.3465e-11	3.4150e-10	4.0267e-11	
1.2600e+01	1.1594e-09	5.0771e-11	4.0588e-10	5.1577e-11	
1.2960e+01	1.3725e-09	5.9261e-11	4.8241e-10	6.5988e-11	
1.3320e+01	1.6229e-09	6.9120e-11	5.7339e-10	8.4324e-11	
1.3680e+01	1.9170e-09	8.0562e-11	6.8156e-10	1.0762e-10	
1.4040e+01	2.2619e-09	9.3834e-11	8.1019e-10	1.3718e-10	
1.4400e+01	2.6660e-09	1.0922e-10	9.6317e-10	1.7464e-10	
1.4760e+01	3.1390e-09	1.2704e-10	1.1451e-09	2.2204e-10	
1.5120e+01	3.6921e-09	1.4768e-10	1.3616e-09	2.8195e-10	
1.5480e+01	4.3381e-09	1.7157e-10	1.6192e-09	3.5758e-10	
1.5840e+01	5.0921e-09	1.9922e-10	1.9258e-09	4.5294e-10	
1.6200e+01	5.9712e-09	2.3120e-10	2.2906e-09	5.7302e-10	
1.6560e+01	6.9952e-09	2.6818e-10	2.7248e-09	7.2406e-10	
1.6920e+01	8.1870e-09	3.1095e-10	3.2416e-09	9.1381e-10	
1.7280e+01	9.5730e-09	3.6039e-10	3.8568e-09	1.1519e-09	
1.7640e+01	1.1183e-08	4.1755e-10	4.5891e-09	1.4503e-09	
1.8000e+01	1.3053e-08	4.8364e-10	5.4608e-09	1.8239e-09	
1.8360e+01	1.5222e-08	5.6008e-10	6.4983e-09	2.2911e-09	
1.8720e+01	1.7737e-08	6.4850e-10	7.7332e-09	2.8746e-09	
1.9080e+01	2.0650e-08	7.5084e-10	9.2026e-09	3.6026e-09	
1.9440e+01	2.4022e-08	8.6933e-10	1.0951e-08	4.5097e-09	
1.9800e+01	2.7924e-08	1.0066e-09	1.3030e-08	5.6388e-09	
2.0160e+01	3.2436e-08	1.1659e-09	1.5503e-08	7.0426e-09	
2.0520e+01	3.7651e-08	1.3507e-09	1.8443e-08	8.7859e-09	
2.0880e+01	4.3674e-08	1.5654e-09	2.1937e-08	1.0948e-08	
2.1240e+01	5.0628e-08	1.8152e-09	2.6088e-08	1.3627e-08	
2.1600e+01	5.8654e-08	2.1062e-09	3.1016e-08	1.6942e-08	
2.1960e+01	6.7912e-08	2.4457e-09	3.6864e-08	2.1039e-08	
2.2320e+01	7.8588e-08	2.8424e-09	4.3801e-08	2.6096e-08	
2.2680e+01	9.0895e-08	3.3067e-09	5.2024e-08	3.2331e-08	
2.3040e+01	1.0508e-07	3.8510e-09	6.1765e-08	4.0008e-08	
2.3400e+01	1.2142e-07	4.4904e-09	7.3297e-08	4.9450e-08	
2.3760e+01	1.4025e-07	5.2428e-09	8.6938e-08	6.1047e-08	
2.4120e+01	1.6192e-07	6.1301e-09	1.0306e-07	7.5272e-08	
2.4480e+01	1.8689e-07	7.1784e-09	1.2211e-07	9.2696e-08	
2.4840e+01	2.1563e-07	8.4194e-09	1.4458e-07	1.1401e-07	
2.5200e+01	2.4871e-07	9.8911e-09	1.7107e-07	1.4005e-07	
2.5560e+01	2.8678e-07	1.1640e-08	2.0228e-07	1.7182e-07	
2.5920e+01	3.3061e-07	1.3721e-08	2.3900e-07	2.1052e-07	
2.6280e+01	3.8103e-07	1.6203e-08	2.8216e-07	2.5759e-07	
2.6640e+01	4.3906e-07	1.9167e-08	3.3284e-07	3.1477e-07	
2.7000e+01	5.0583e-07	2.2711e-08	3.9228e-07	3.8411e-07	
2.7360e+01	5.8264e-07	2.6954e-08	4.6193e-07	4.6808e-07	
2.7720e+01	6.7099e-07	3.2040e-08	5.4343e-07	5.6960e-07	
2.8080e+01	7.7262e-07	3.8142e-08	6.3869e-07	6.9215e-07	
2.8440e+01	8.8951e-07	4.5468e-08	7.4990e-07	8.3985e-07	
2.8800e+01	1.0239e-06	5.4268e-08	8.7956e-07	1.0176e-06	
2.9160e+01	1.1784e-06	6.4844e-08	1.0305e-06	1.2310e-06	
2.9520e+01	1.3561e-06	7.7556e-08	1.2061e-06	1.4870e-06	
2.9880e+01	1.5602e-06	9.2835e-08	1.4100e-06	1.7935e-06	
3.0240e+01	1.7947e-06	1.1120e-07	1.6465e-06	2.1598e-06	
3.0600e+01	2.0641e-06	1.3326e-07	1.9205e-06	2.5967e-06	
3.0960e+01	2.3734e-06	1.5976e-07	2.2372e-06	3.1170e-06	
3.1320e+01	2.7283e-06	1.9155e-07	2.6031e-06	3.7355e-06	
3.1680e+01	3.1355e-06	2.2969e-07	3.0250e-06	4.4693e-06	
3.2040e+01	3.6024e-06	2.7538e-07	3.5109e-06	5.3384e-06	
3.2400e+01	4.1375e-06	3.3008e-07	4.0695e-06	6.3657e-06	
3.2760e+01	4.7504e-06	3.9548e-07	4.7108e-06	7.5777e-06	
3.3120e+01	5.4519e-06	4.7357e-07	5.4460e-06	9.0050e-06	
3.3480e+01	6.2544e-06	5.6672e-07	6.2874e-06	1.0683e-05	
3.3840e+01	7.1715e-06	6.7764e-07	7.2489e-06	1.2650e-05	
3.4200e+01	8.2190e-06	8.0956e-07	8.3459e-06	1.4954e-05	
3.4560e+01	9.4142e-06	9.6617e-07	9.5955e-06	1.7645e-05	
3.4920e+01	1.0777e-05	1.1518e-06	1.1017e-05	2.0783e-05	
3.5280e+01	1.2329e-05	1.3715e-06	1.2630e-05	2.4434e-05	
3.5640e+01	1.4095e-05	1.6310e-06	1.4459e-05	2.8674e-05	
3.6000e+01	1.6103e-05	1.9369e-06	1.6529e-05	3.3587e-05	
3.6360e+01	1.8382e-05	2.2969e-06	1.8868e-05	3.9268e-05	
3.6720e+01	2.0967e-05	2.7198e-06	2.1505e-05	4.5823e-05	
3.7080e+01	2.3895e-05	3.2155e-06	2.4475e-05	5.3372e-05	
3.7440e+01	2.7208e-05	3.7955e-06	2.7813e-05	6.2045e-05	
3.7800e+01	3.0950e-05	4.4725e-06	3.1558e-05	7.1989e-05	
3.8160e+01	3.5174e-05	5.2614e-06	3.5753e-05	8.3365e-05	
3.8520e+01	3.9933e-05	6.1784e-06	4.0444e-05	9.6351e-05	
3.8880e+01	4.5288e-05	7.2423e-06	4.5680e-05	1.1114e-04	
3.9240e+01	5.1305e-05	8.4739e-06	5.1513e-05	1.2795e-04	
3.9600e+01	5.8056e-05	9.8963e-06	5.8001e-05	1.4700e-04	
3.9960e+01	6.5618e-05	1.1536e-05	6.5203e-05	1.6856e-04	
4.0320e+01	7.4076e-05	1.3421e-05	7.3184e-05	1.9289e-04	
4.0680e+01	8.3521e-05	1.5583e-05	8.2012e-05	2.2029e-04	
4.1040e+01	9.4050e-05	1.8058e-05	9.1759e-05	2.5106e-04	
4.1400e+01	1.0577e-04	2.0885e-05	1.0250e-04	2.8555e-04	
4.1760e+01	1.1879e-04	2.4105e-05	1.1431e-04	3.2410e-04	
4.2120e+01	1.3323e-04	2.7765e-05	1.2729e-04	3.6710e-04	
4.2480e+01	1.4921e-04	3.1915e-05	1.4150e-04	4.1494e-04	
4.2840e+01	1.6688e-04	3.6609e-05	1.5704e-04	4.6803e-04	
4.3200e+01	1.8637e-04	4.1906e-05	1.7401e-04	5.2679e-04	
4.3560e+01	2.0783e-04	4.7869e-05	1.9250e-04	5.9167e-04	
4.3920e+01	2.3142e-04	5.4564e-05	2.1260e-04	6.6312e-04	
4.4280e+01	2.5729e-04	6.2064e-05	2.3441e-04	7.4159e-04	
4.4640e+01	2.8561e-04	7.0443e-05	2.5804e-04	8.2755e-04	
4.5000e+01	3.1655e-04	7.9782e-05	2.8357e-04	9.2145e-04	
4.5360e+01	3.5029e-04	9.0163e-05	3.1112e-04	1.0237e-03	
4.5720e+01	3.8700e-04	1.0167e-04	3.4077e-04	1.1348e-03	
4.6080e+01	4.2686e-04	1.1440e-04	3.7262e-04	1.2552e-03	
4.6440e+01	4.7006e-04	1.2845e-04	4.0677e-04	1.3852e-03	
4.6800e+01	5.1677e-04	1.4390e-04	4.4330e-04	1.5251e-03	
4.7160e+01	5.6718e-04	1.6085e-04	4.8231e-04	1.6754e-03	
4.7520e+01	6.2145e-04	1.7940e-04	5.2386e-04	1.8361e-03	
4.7880e+01	6.7975e-04	1.9965e-04	5.6802e-04	2.0076e-03	
4.8240e+01	7.4225e-04	2.2169e-04	6.1487e-04	2.1899e-03	
4.8600e+01	8.0909e-04	2.4561e-04	6.6445e-04	2.3832e-03	
4.8960e+01	8.8042e-04	2.7150e-04	7.1681e-04	2.5872e-03	
4.9320e+01	9.5636e-04	2.9944e-04	7.7198e-04	2.8019e-03	
4.9680e+01	1.0370e-03	3.2952e-04	8.2998e-04	3.0271e-03	
5.0040e+01	1.1225e-03	3.6181e-04	8.9081e-04	3.2624e-03	
5.0400e+01	1.2128e-03	3.9635e-04	9.5446e-04	3.5073e-03	
5.0760e+01	1.3081e-03	4.3321e-04	1.0209e-03	3.7612e-03	
5.1120e+01	1.4083e-03	4.7243e-04	1.0901e-03	4.0234e-03	
5.1480e+01	1.5135e-03	5.1402e-04	1.1620e-03	4.2930e-03	
5.1840e+01	1.6236e-03	5.5799e-04	1.2365e-03	4.5693e-03	
5.2200e+01	1.7385e-03	6.0435e-04	1.3135e-03	4.8510e-03	
5.2560e+01	1.8581e-03	6.5306e-04	1.3928e-03	5.1370e-03	
5.2920e+01	1.9824e-03	7.0407e-04	1.4745e-03	5.4260e-03	
5.3280e+01	2.1111e-03	7.5733e-04	1.5582e-03	5.7167e-03	
5.3640e+01	2.2440e-03	8.1275e-04	1.6438e-03	6.0076e-03	
5.4000e+01	2.3809e-03	8.7022e-04	1.7311e-03	6.2973e-03	
5.4360e+01	2.5216e-03	9.2961e-04	1.8199e-03	6.5842e-03	
5.4720e+01	2.6656e-03	9.9077e-04	1.9099e-03	6.8666e-03	
5.5080e+01	2.8126e-03	1.0535e-03	2.0009e-03	7.1431e-03	
5.5440e+01	2.9623e-03	1.1176e-03	2.0925e-03	7.4120e-03	
5.5800e+01	3.1142e-03	1.1829e-03	2.1846e-03	7.6717e-03	
5.6160e+01	3.2678e-03	1.2492e-03	2.2767e-03	7.9208e-03	
5.6520e+01	3.4227e-03	1.3160e-03	2.3686e-03	8.1576e-03	
5.6880e+01	3.5783e-03	1.3833e-03	2.4598e-03	8.3809e-03	
5.7240e+01	3.7341e-03	1.4506e-03	2.5502e-03	8.5892e-03	
5.7600e+01	3.8895e-03	1.5177e-03	2.6392e-03	8.7814e-03	
5.7960e+01	4.0439e-03	1.5843e-03	2.7266e-03	8.9563e-03	
5.8320e+01	4.1967e-03	1.6499e-03	2.8120e-03	9.1129e-03	
5.8680e+01	4.3472e-03	1.7142e-03	2.8949e-03	9.2504e-03	
5.9040e+01	4.4948e-03	1.7770e-03	2.9751e-03	9.3680e-03	
5.9400e+01	4.6390e-03	1.8378e-03	3.0522e-03	9.4650e-03	
5.9760e+01	4.7790e-03	1.8963e-03	3.1259e-03	9.5411e-03	
6.0120e+01	4.9141e-03	1.9522e-03	3.1957e-03	9.5960e-03	
6.0480e+01	5.0439e-03	2.0050e-03	3.2613e-03	9.6294e-03	
6.0840e+01	5.1677e-03	2.0545e-03	3.3226e-03	9.6413e-03	
6.1200e+01	5.2848e-03	2.1004e-03	3.3790e-03	9.6319e-03	
6.1560e+01	5.3947e-03	2.1424e-03	3.4304e-03	9.6013e-03	
6.1920e+01	5.4969e-03	2.1802e-03	3.4766e-03	9.5501e-03	
6.2280e+01	5.5909e-03	2.2136e-03	3.5172e-03	9.4785e-03	
6.2640e+01	5.6761e-03	2.2423e-03	3.5521e-03	9.3874e-03	
6.3000e+01	5.7522e-03	2.2662e-03	3.5811e-03	9.2773e-03	
6.3360e+01	5.8188e-03	2.2851e-03	3.6041e-03	9.1492e-03	
6.3720e+01	5.8756e-03	2.2988e-03	3.6210e-03	9.0039e-03	
6.4080e+01	5.9222e-03	2.3074e-03	3.6316e-03	8.8424e-03	
6.4440e+01	5.9584e-03	2.3106e-03	3.6360e-03	8.6659e-03	
6.4800e+01	5.9840e-03	2.3086e-03	3.6341e-03	8.4755e-03	
6.5160e+01	5.9990e-03	2.3014e-03	3.6259e-03	8.2723e-03	
6.5520e+01	6.0032e-03	2.2889e-03	3.6115e-03	8.0577e-03	
6.5880e+01	5.9967e-03	2.2714e-03	3.5909e-03	7.8329e-03	
6.6240e+01	5.9794e-03	2.2488e-03	3.5644e-03	7.5992e-03	
6.6600e+01	5.9516e-03	2.2214e-03	3.5320e-03	7.3579e-03	
6.6960e+01	5.9133e-03	2.1894e-03	3.4939e-03	7.1104e-03	
6.7320e+01	5.8648e-03	2.1530e-03	3.4504e-03	6.8581e-03	
6.7680e+01	5.8064e-03	2.1124e-03	3.4016e-03	6.6021e-03	
6.8040e+01	5.7383e-03	2.0678e-03	3.3477e-03	6.3437e-03	
6.8400e+01	5.6610e-03	2.0197e-03	3.2892e-03	6.0843e-03	
6.8760e+01	5.5748e-03	1.9683e-03	3.2262e-03	5.8249e-03	
6.9120e+01	5.4802e-03	1.9138e-03	3.1591e-03	5.5668e-03	
6.9480e+01	5.3778e-03	1.8567e-03	3.0882e-03	5.3110e-03	
6.9840e+01	5.2679e-03	1.7973e-03	3.0139e-03	5.0584e-03	
7.0200e+01	5.1513e-03	1.7360e-03	2.9364e-03	4.8101e-03	
7.0560e+01	5.0284e-03	1.6729e-03	2.8562e-03	4.5668e-03	
7.0920e+01	4.8999e-03	1.6086e-03	2.7736e-03	4.3294e-03	
7.1280e+01	4.7663e-03	1.5434e-03	2.6889e-03	4.0983e-03	
7.1640e+01	4.6283e-03	1.4775e-03	2.6025e-03	3.8743e-03	
7.2000e+01	4.4866e-03	1.4113e-03	2.5148e-03	3.6577e-03	
7.2360e+01	4.3417e-03	1.3451e-03	2.4261e-03	3.4489e-03	
7.2720e+01	4.1943e-03	1.2792e-03	2.3367e-03	3.2482e-03	
7.3080e+01	4.0450e-03	1.2139e-03	2.2469e-03	3.0558e-03	
7.3440e+01	3.8943e-03	1.1494e-03	2.1571e-03	2.8718e-03	
7.3800e+01	3.7430e-03	1.0860e-03	2.0677e-03	2.6961e-03	
7.4160e+01	3.5916e-03	1.0238e-03	1.9787e-03	2.5287e-03	
7.4520e+01	3.4405e-03	9.6309e-04	1.8906e-03	2.3694e-03	
7.4880e+01	3.2904e-03	9.0403e-04	1.8036e-03	2.2182e-03	
7.5240e+01	3.1417e-03	8.4677e-04	1.7179e-03	2.0747e-03	
7.5600e+01	2.9949e-03	7.9143e-04	1.6337e-03	1.9386e-03	
7.5960e+01	2.8504e-03	7.3812e-04	1.5512e-03	1.8097e-03	
7.6320e+01	2.7086e-03	6.8693e-04	1.4707e-03	1.6877e-03	
7.6680e+01	2.5699e-03	6.3792e-04	1.3921e-03	1.5721e-03	
7.7040e+01	2.4345e-03	5.9115e-04	1.3158e-03	1.4627e-03	
7.7400e+01	2.3028e-03	5.4665e-04	1.2418e-03	1.3592e-03	
7.7760e+01	2.1749e-03	5.0442e-04	1.1702e-03	1.2612e-03	
7.8120e+01	2.0512e-03	4.6447e-04	1.1011e-03	1.1685e-03	
7.8480e+01	1.9317e-03	4.2679e-04	1.0345e-03	1.0807e-03	
7.8840e+01	1.8166e-03	3.9133e-04	9.7060e-04	9.9767e-04	
7.9200e+01	1.7060e-03	3.5807e-04	9.0928e-04	9.1916e-04	
7.9560e+01	1.5999e-03	3.2694e-04	8.5061e-04	8.4496e-04	
7.9920e+01	1.4984e-03	2.9790e-04	7.9460e-04	7.7492e-04	
8.0280e+01	1.4015e-03	2.7087e-04	7.4123e-04	7.0889e-04	
8.0640e+01	1.3091e-03	2.4578e-04	6.9047e-04	6.4673e-04	
8.1000e+01	1.2213e-03	2.2254e-04	6.4230e-04	5.8833e-04	
8.1360e+01	1.1379e-03	2.0109e-04	5.9668e-04	5.3360e-04	
8.1720e+01	1.0588e-03	1.8132e-04	5.5354e-04	4.8243e-04	
8.2080e+01	9.8400e-04	1.6316e-04	5.1283e-04	4.3474e-04	
8.2440e+01	9.1333e-04	1.4652e-04	4.7449e-04	3.9042e-04	
8.2800e+01	8.4667e-04	1.3130e-04	4.3844e-04	3.4939e-04	
8.3160e+01	7.8387e-04	1.1742e-04	4.0461e-04	3.1155e-04	
8.3520e+01	7.2479e-04	1.0479e-04	3.7291e-04	2.7678e-04	
8.3880e+01	6.6929e-04	9.3326e-05	3.4326e-04	2.4496e-04	
8.4240e+01	6.1722e-04	8.2947e-05	3.1557e-04	2.1599e-04	
8.4600e+01	5.6842e-04	7.3571e-05	2.8977e-04	1.8970e-04	
8.4960e+01	5.2275e-04	6.5122e-05	2.6575e-04	1.6598e-04	
8.5320e+01	4.8006e-04	5.7526e-05	2.4343e-04	1.4466e-04	
8.5680e+01	4.4019e-04	5.0712e-05	2.2273e-04	1.2559e-04	
8.6040e+01	4.0302e-04	4.4616e-05	2.0355e-04	1.0862e-04	
8.6400e+01	3.6840e-04	3.9173e-05	1.8581e-04	9.3589e-05	
8.6760e+01	3.3620e-04	3.4325e-05	1.6943e-04	8.0336e-05	
8.7120e+01	3.0629e-04	3.0017e-05	1.5433e-04	6.8708e-05	
8.7480e+01	2.7855e-04	2.6198e-05	1.4042e-04	5.8553e-05	
8.7840e+01	2.5285e-04	2.2819e-05	1.2763e-04	4.9725e-05	
8.8200e+01	2.2909e-04	1.9837e-05	1.1588e-04	4.2086e-05	
8.8560e+01	2.0716e-04	1.7211e-05	1.0511e-04	3.5505e-05	
8.8920e+01	1.8696e-04	1.4903e-05	9.5250e-05	2.9860e-05	
8.9280e+01	1.6837e-04	1.2880e-05	8.6229e-05	2.5038e-05	
8.9640e+01	1.5131e-04	1.1110e-05	7.7989e-05	2.0936e-05	
9.0000e+01	1.3568e-04	9.5653e-06	7.0471e-05	1.7459e-05	
9.0360e+01	1.2139e-04	8.2197e-06	6.3620e-05	1.4524e-05	
9.0720e+01	1.0837e-04	7.0502e-06	5.7385e-05	1.2054e-05	
9.1080e+01	9.6513e-05	6.0360e-06	5.1716e-05	9.9835e-06	
9.1440e+01	8.5754e-05	5.1582e-06	4.6568e-05	8.2523e-06	
9.1800e+01	7.6014e-05	4.4001e-06	4.1899e-05	6.8092e-06	
9.2160e+01	6.7219e-05	3.7468e-06	3.7668e-05	5.6095e-06	
9.2520e+01	5.9298e-05	3.1848e-06	3.3838e-05	4.6147e-06	
9.2880e+01	5.2183e-05	2.7024e-06	3.0375e-05	3.7915e-06	
9.3240e+01	4.5811e-05	2.2892e-06	2.7246e-05	3.1117e-06	
9.3600e+01	4.0119e-05	1.9360e-06	2.4422e-05	2.5514e-06	
9.3960e+01	3.5048e-05	1.6345e-06	2.1876e-05	2.0902e-06	
9.4320e+01	3.0545e-05	1.3778e-06	1.9582e-05	1.7111e-06	
9.4680e+01	2.6557e-05	1.1595e-06	1.7517e-05	1.4000e-06	
9.5040e+01	2.3035e-05	9.7432e-07	1.5659e-05	1.1448e-06	
9.5400e+01	1.9933e-05	8.1747e-07	1.3991e-05	9.3564e-07	
9.5760e+01	1.7209e-05	6.8486e-07	1.2492e-05	7.6440e-07	
9.6120e+01	1.4823e-05	5.7293e-07	1.1147e-05	6.2426e-07	
9.6480e+01	1.2740e-05	4.7863e-07	9.9417e-06	5.0963e-07	
9.6840e+01	1.0926e-05	3.9930e-07	8.8616e-06	4.1590e-07	
9.7200e+01	9.3504e-06	3.3269e-07	7.8944e-06	3.3929e-07	
9.7560e+01	7.9854e-06	2.7683e-07	7.0290e-06	2.7669e-07	
9.7920e+01	6.8061e-06	2.3007e-07	6.2552e-06	2.2555e-07	
9.8280e+01	5.7896e-06	1.9097e-07	5.5637e-06	1.8378e-07	
9.8640e+01	4.9157e-06	1.5834e-07	4.9461e-06	1.4968e-07	
9.9000e+01	4.1661e-06	1.3114e-07	4.3949e-06	1.2185e-07	
9.9360e+01	3.5247e-06	1.0850e-07	3.9031e-06	9.9145e-08	
9.9720e+01	2.9770e-06	8.9671e-08	3.4647e-06	8.0623e-08	
1.0008e+02	2.5104e-06	7.4039e-08	3.0740e-06	6.5522e-08	
1.0044e+02	2.1136e-06	6.1075e-08	2.7261e-06	5.3216e-08	
1.0080e+02	1.7770e-06	5.0336e-08	2.4163e-06	4.3193e-08	
1.0116e+02	1.4918e-06	4.1450e-08	2.1407e-06	3.5033e-08	
1.0152e+02	1.2507e-06	3.4104e-08	1.8956e-06	2.8393e-08	
1.0188e+02	1.0473e-06	2.8039e-08	1.6778e-06	2.2995e-08	
1.0224e+02	8.7585e-07	2.3035e-08	1.4842e-06	1.8609e-08	
1.0260e+02	7.3163e-07	1.8910e-08	1.3124e-06	1.5048e-08	
1.0296e+02	6.1048e-07	1.5514e-08	1.1598e-06	1.2158e-08	
1.0332e+02	5.0885e-07	1.2719e-08	1.0245e-06	9.8158e-09	
1.0368e+02	4.2372e-07	1.0421e-08	9.0453e-07	7.9181e-09	
1.0404e+02	3.5249e-07	8.5330e-09	7.9817e-07	6.3822e-09	
1.0440e+02	2.9296e-07	6.9830e-09	7.0395e-07	5.1402e-09	
1.0476e+02	2.4328e-07	5.7113e-09	6.2053e-07	4.1367e-09	
1.0512e+02	2.0185e-07	4.6686e-09	5.4670e-07	3.3266e-09	
1.0548e+02	1.6734e-07	3.8142e-09	4.8138e-07	2.6734e-09	
1.0584e+02	1.3862e-07	3.1145e-09	4.2364e-07	2.1471e-09	
1.0620e+02	1.1475e-07	2.5418e-09	3.7261e-07	1.7235e-09	
1.0656e+02	9.4916e-08	2.0733e-09	3.2754e-07	1.3829e-09	
1.0692e+02	7.8455e-08	1.6903e-09	2.8776e-07	1.1095e-09	
1.0728e+02	6.4805e-08	1.3773e-09	2.5265e-07	8.9016e-10	
1.0764e+02	5.3493e-08	1.1216e-09	2.2170e-07	7.1451e-10	
1.0800e+02	4.4127e-08	9.1290e-10	1.9442e-07	5.7406e-10	
1.0836e+02	3.6377e-08	7.4262e-10	1.7039e-07	4.6197e-10	
1.0872e+02	2.9969e-08	6.0375e-10	1.4924e-07	3.7270e-10	
1.0908e+02	2.4674e-08	4.9056e-10	1.3062e-07	3.0180e-10	
1.0944e+02	2.0302e-08	3.9835e-10	1.1426e-07	2.4569e-10	
1.0980e+02	1.6694e-08	3.2326e-10	9.9881e-08	2.0149e-10	
1.1016e+02	1.3719e-08	2.6216e-10	8.7253e-08	1.6687e-10	
1.1052e+02	1.1267e-08	2.1247e-10	7.6170e-08	1.3998e-10	
1.1088e+02	9.2477e-09	1.7207e-10	6.6450e-08	1.1933e-10	
1.1124e+02	7.5855e-09	1.3926e-10	5.7930e-08	1.0375e-10	
1.1160e+02	6.2181e-09	1.1262e-10	5.0467e-08	9.2282e-11	
1.1196e+02	5.0941e-09	9.1002e-11	4.3935e-08	8.4183e-11	
1.1232e+02	4.1706e-09	7.3478e-11	3.8221e-08	7.8862e-11	
1.1268e+02	3.4123e-09	5.9280e-11	3.3227e-08	7.5855e-11	
1.1304e+02	2.7901e-09	4.7785e-11	2.8864e-08	7.4802e-11	
1.1340e+02	2.2799e-09	3.8486e-11	2.5056e-08	7.5426e-11	
1.1376e+02	1.8617e-09	3.0968e-11	2.1734e-08	7.7516e-11	
1.1412e+02	1.5193e-09	2.4896e-11	1.8839e-08	8.0920e-11	
1.1448e+02	1.2390e-09	1.9996e-11	1.6317e-08	8.5527e-11	
1.1484e+02	1.0097e-09	1.6045e-11	1.4122e-08	9.1265e-11	
1.1520e+02	8.2231e-10	1.2861e-11	1.2213e-08	9.8094e-11	
1.1556e+02	6.6924e-10	1.0299e-11	1.0555e-08	1.0600e-10	
1.1592e+02	5.4428e-10	8.2389e-12	9.1142e-09	1.1499e-10	
1.1628e+02	4.4236e-10	6.5839e-12	7.8643e-09	1.2508e-10	
1.1664e+02	3.5928e-10	5.2556e-12	6.7807e-09	1.3633e-10	
1.1700e+02	2.9162e-10	4.1907e-12	5.8419e-09	1.4880e-10	
1.1736e+02	2.3657e-10	3.3379e-12	5.0291e-09	1.6256e-10	
1.1772e+02	1.9182e-10	2.6556e-12	4.3261e-09	1.7769e-10	
1.1808e+02	1.5548e-10	2.1103e-12	3.7185e-09	1.9431e-10	
1.1844e+02	1.2601e-10	1.6751e-12	3.1937e-09	2.1252e-10	
1.1880e+02	1.0216e-10	1.3280e-12	2.7409e-09	2.3246e-10	
1.1916e+02	8.2895e-11	1.0516e-12	2.3504e-09	2.5428e-10	
1.1952e+02	6.7389e-11	8.3170e-13	2.0140e-09	2.7813e-10	
1.1988e+02	5.4966e-11	6.5698e-13	1.7244e-09	3.0420e-10	
1.2024e+02	4.5082e-11	5.1833e-13	1.4753e-09	3.3266e-10	
1.2060e+02	3.7305e-11	4.0842e-13	1.2612e-09	3.6375e-10	
1.2096e+02	3.1293e-11	3.2142e-13	1.0773e-09	3.9768e-10	
1.2132e+02	2.6781e-11	2.5262e-13	9.1958e-10	4.3471e-10	
1.2168e+02	2.3574e-11	1.9830e-13	7.8434e-10	4.7511e-10	
1.2204e+02	2.1533e-11	1.5546e-13	6.6850e-10	5.1920e-10	
1.2240e+02	2.0575e-11	1.2171e-13	5.6937e-10	5.6729e-10	
1.2276e+02	2.0668e-11	9.5173e-14	4.8463e-10	6.1974e-10	
1.2312e+02	2.1828e-11	7.4325e-14	4.1225e-10	6.7694e-10	
1.2348e+02	2.4125e-11	5.7972e-14	3.5052e-10	7.3932e-10	
1.2384e+02	2.7681e-11	4.5165e-14	2.9794e-10	8.0733e-10	
1.2420e+02	3.2681e-11	3.5151e-14	2.5322e-10	8.8149e-10	
1.2456e+02	3.9380e-11	2.7337e-14	2.1528e-10	9.6234e-10	
1.2492e+02	4.8113e-11	2.1255e-14	1.8316e-10	1.0505e-09	
1.2528e+02	5.9312e-11	1.6536e-14	1.5609e-10	1.1466e-09	
1.2564e+02	7.3527e-11	1.2893e-14	1.3338e-10	1.2513e-09	
1.2600e+02	9.1446e-11	1.0104e-14	1.1448e-10	1.3655e-09	
1.2636e+02	1.1393e-10	7.9988e-15	9.8936e-11	1.4899e-09	
1.2672e+02	1.4205e-10	6.4497e-15	8.6373e-11	1.6256e-09	
1.2708e+02	1.7712e-10	5.3665e-15	7.6515e-11	1.7734e-09	
1.2744e+02	2.2077e-10	4.6914e-15	6.9161e-11	1.9346e-09	
1.2780e+02	2.7503e-10	4.3967e-15	6.4194e-11	2.1103e-09	
1.2816e+02	3.4235e-10	4.4856e-15	6.1579e-11	2.3018e-09	
1.2852e+02	4.2576e-10	4.9945e-15	6.1368e-11	2.5105e-09	
1.2888e+02	5.2898e-10	5.9990e-15	6.3707e-11	2.7381e-09	
1.2924e+02	6.5655e-10	7.6229e-15	6.8848e-11	2.9862e-09	
1.2960e+02	8.1401e-10	1.0052e-14	7.7164e-11	3.2567e-09	
1.2996e+02	1.0081e-09	1.3556e-14	8.9171e-11	3.5517e-09	
1.3032e+02	1.2471e-09	1.8512e-14	1.0555e-10	3.8734e-09	
1.3068e+02	1.5410e-09	2.5450e-14	1.2720e-10	4.2243e-09	
1.3104e+02	1.9020e-09	3.5101e-14	1.5523e-10	4.6070e-09	
1.3140e+02	2.3447e-09	4.8477e-14	1.9107e-10	5.0246e-09	
1.3176e+02	2.8871e-09	6.6967e-14	2.3652e-10	5.4802e-09	
1.3212e+02	3.5506e-09	9.2482e-14	2.9379e-10	5.9775e-09	
1.3248e+02	4.3614e-09	1.2764e-13	3.6565e-10	6.5203e-09	
1.3284e+02	5.3508e-09	1.7605e-13	4.5551e-10	7.1129e-09	
1.3320e+02	6.5565e-09	2.4262e-13	5.6757e-10	7.7601e-09	
1.3356e+02	8.0239e-09	3.3412e-13	7.0703e-10	8.4671e-09	
1.3392e+02	9.8075e-09	4.5977e-13	8.8026e-10	9.2397e-09	
1.3428e+02	1.1972e-08	6.3223e-13	1.0950e-09	1.0084e-08	
1.3464e+02	1.4596e-08	8.6882e-13	1.3609e-09	1.1007e-08	
1.3500e+02	1.7773e-08	1.1932e-12	1.6896e-09	1.2017e-08	
1.3536e+02	2.1613e-08	1.6379e-12	2.0953e-09	1.3122e-08	
1.3572e+02	2.6248e-08	2.2473e-12	2.5953e-09	1.4332e-08	
1.3608e+02	3.1835e-08	3.0822e-12	3.2107e-09	1.5656e-08	
1.3644e+02	3.8561e-08	4.2260e-12	3.9670e-09	1.7108e-08	
1.3680e+02	4.6646e-08	5.7928e-12	4.8952e-09	1.8699e-08	
1.3716e+02	5.6350e-08	7.9391e-12	6.0327e-09	2.0444e-08	
1.3752e+02	6.7982e-08	1.0879e-11	7.4248e-09	2.2359e-08	
1.3788e+02	8.1905e-08	1.4908e-11	9.1259e-09	2.4462e-08	
1.3824e+02	9.8544e-08	2.0429e-11	1.1202e-08	2.6773e-08	
1.3860e+02	1.1840e-07	2.7997e-11	1.3731e-08	2.9314e-08	
1.3896e+02	1.4207e-07	3.8372e-11	1.6809e-08	3.2109e-08	
1.3932e+02	1.7022e-07	5.2600e-11	2.0547e-08	3.5187e-08	
1.3968e+02	2.0368e-07	7.2116e-11	2.5083e-08	3.8580e-08	
1.4004e+02	2.4337e-07	9.8893e-11	3.0577e-08	4.2321e-08	
1.4040e+02	2.9039e-07	1.3564e-10	3.7222e-08	4.6450e-08	
1.4076e+02	3.4600e-07	1.8606e-10	4.5248e-08	5.1012e-08	
1.4112e+02	4.1168e-07	2.5527e-10	5.4925e-08	5.6057e-08	
1.4148e+02	4.8913e-07	3.5026e-10	6.6576e-08	6.1640e-08	
1.4184e+02	5.8032e-07	4.8061e-10	8.0583e-08	6.7826e-08	
1.4220e+02	6.8753e-07	6.5942e-10	9.7395e-08	7.4685e-08	
1.4256e+02	8.1336e-07	9.0463e-10	1.1754e-07	8.2300e-08	
1.4292e+02	9.6083e-07	1.2407e-09	1.4165e-07	9.0763e-08	
1.4328e+02	1.1334e-06	1.7010e-09	1.7046e-07	1.0018e-07	
1.4364e+02	1.3350e-06	2.3310e-09	2.0482e-07	1.1066e-07	
1.4400e+02	1.5702e-06	3.1921e-09	2.4574e-07	1.2234e-07	
1.4436e+02	1.8441e-06	4.3680e-09	2.9439e-07	1.3539e-07	
1.4472e+02	2.1625e-06	5.9714e-09	3.5216e-07	1.4995e-07	
1.4508e+02	2.5322e-06	8.1545e-09	4.2062e-07	1.6625e-07	
1.4544e+02	2.9607e-06	1.1122e-08	5.0164e-07	1.8449e-07	
1.4580e+02	3.4566e-06	1.5147e-08	5.9736e-07	2.0493e-07	
1.4616e+02	4.0295e-06	2.0598e-08	7.1027e-07	2.2786e-07	
1.4652e+02	4.6903e-06	2.7961e-08	8.4324e-07	2.5360e-07	
1.4688e+02	5.4513e-06	3.7886e-08	9.9957e-07	2.8254e-07	
1.4724e+02	6.3261e-06	5.1229e-08	1.1831e-06	3.1509e-07	
1.4760e+02	7.3303e-06	6.9123e-08	1.3981e-06	3.5174e-07	
1.4796e+02	8.4809e-06	9.3053e-08	1.6497e-06	3.9303e-07	
1.4832e+02	9.7973e-06	1.2496e-07	1.9435e-06	4.3959e-07	
1.4868e+02	1.1301e-05	1.6739e-07	2.2862e-06	4.9213e-07	
1.4904e+02	1.3015e-05	2.2361e-07	2.6851e-06	5.5146e-07	
1.4940e+02	1.4966e-05	2.9790e-07	3.1486e-06	6.1848e-07	
1.4976e+02	1.7183e-05	3.9572e-07	3.6865e-06	6.9423e-07	
1.5012e+02	1.9698e-05	5.2410e-07	4.3095e-06	7.7989e-07	
1.5048e+02	2.2547e-05	6.9199e-07	5.0298e-06	8.7678e-07	
1.5084e+02	2.5767e-05	9.1078e-07	5.8614e-06	9.8642e-07	
1.5120e+02	2.9402e-05	1.1949e-06	6.8198e-06	1.1105e-06	
1.5156e+02	3.3497e-05	1.5624e-06	7.9223e-06	1.2509e-06	
1.5192e+02	3.8103e-05	2.0360e-06	9.1886e-06	1.4099e-06	
1.5228e+02	4.3274e-05	2.6441e-06	1.0640e-05	1.5899e-06	
1.5264e+02	4.9070e-05	3.4219e-06	1.2302e-05	1.7936e-06	
1.5300e+02	5.5556e-05	4.4126e-06	1.4201e-05	2.0240e-06	
1.5336e+02	6.2799e-05	5.6697e-06	1.6366e-05	2.2848e-06	
1.5372e+02	7.0874e-05	7.2584e-06	1.8832e-05	2.5798e-06	
1.5408e+02	7.9861e-05	9.2580e-06	2.1635e-05	2.9133e-06	
1.5444e+02	8.9846e-05	1.1764e-05	2.4815e-05	3.2902e-06	
1.5480e+02	1.0092e-04	1.4893e-05	2.8418e-05	3.7159e-06	
1.5516e+02	1.1317e-04	1.8782e-05	3.2491e-05	4.1966e-06	
1.5552e+02	1.2672e-04	2.3596e-05	3.7088e-05	4.7389e-06	
1.5588e+02	1.4165e-04	2.9530e-05	4.2268e-05	5.3503e-06	
1.5624e+02	1.5809e-04	3.6812e-05	4.8094e-05	6.0391e-06	
1.5660e+02	1.7616e-04	4.5711e-05	5.4635e-05	6.8145e-06	
1.5696e+02	1.9598e-04	5.6540e-05	6.1965e-05	7.6867e-06	
1.5732e+02	2.1768e-04	6.9658e-05	7.0165e-05	8.6668e-06	
1.5768e+02	2.4139e-04	8.5480e-05	7.9321e-05	9.7671e-06	
1.5804e+02	2.6724e-04	1.0448e-04	8.9527e-05	1.1001e-05	
1.5840e+02	2.9539e-04	1.2719e-04	1.0088e-04	1.2384e-05	
1.5876e+02	3.2598e-04	1.5422e-04	1.1349e-04	1.3931e-05	
1.5912e+02	3.5915e-04	1.8625e-04	1.2747e-04	1.5661e-05	
1.5948e+02	3.9505e-04	2.2403e-04	1.4294e-04	1.7592e-05	
1.5984e+02	4.3383e-04	2.6838e-04	1.6002e-04	1.9746e-05	
1.6020e+02	4.7564e-04	3.2022e-04	1.7885e-04	2.2145e-05	
1.6056e+02	5.2063e-04	3.8053e-04	1.9956e-04	2.4814e-05	
1.6092e+02	5.6894e-04	4.5037e-04	2.2231e-04	2.7779e-05	
1.6128e+02	6.2071e-04	5.3087e-04	2.4725e-04	3.1068e-05	
1.6164e+02	6.7608e-04	6.2323e-04	2.7453e-04	3.4712e-05	
1.6200e+02	7.3518e-04	7.2869e-04	3.0431e-04	3.8743e-05	
1.6236e+02	7.9813e-04	8.4854e-04	3.3677e-04	4.3197e-05	
1.6272e+02	8.6504e-04	9.8410e-04	3.7206e-04	4.8110e-05	
1.6308e+02	9.3602e-04	1.1367e-03	4.1037e-04	5.3521e-05	
1.6344e+02	1.0111e-03	1.3076e-03	4.5187e-04	5.9472e-05	
1.6380e+02	1.0905e-03	1.4981e-03	4.9674e-04	6.6007e-05	
1.6416e+02	1.1741e-03	1.7095e-03	5.4514e-04	7.3172e-05	
1.6452e+02	1.2620e-03	1.9427e-03	5.9725e-04	8.1014e-05	
1.6488e+02	1.3543e-03	2.1988e-03	6.5324e-04	8.9585e-05	
1.6524e+02	1.4509e-03	2.4786e-03	7.1326e-04	9.8936e-05	
1.6560e+02	1.5518e-03	2.7827e-03	7.7748e-04	1.0912e-04	
1.6596e+02	1.6570e-03	3.1116e-03	8.4604e-04	1.2020e-04	
1.6632e+02	1.7663e-03	3.4652e-03	9.1907e-04	1.3222e-04	
1.6668e+02	1.8797e-03	3.8434e-03	9.9670e-04	1.4525e-04	
1.6704e+02	1.9971e-03	4.2457e-03	1.0790e-03	1.5935e-04	
1.6740e+02	2.1182e-03	4.6713e-03	1.1661e-03	1.7458e-04	
1.6776e+02	2.2429e-03	5.1189e-03	1.2581e-03	1.9099e-04	
1.6812e+02	2.3710e-03	5.5868e-03	1.3550e-03	2.0866e-04	
1.6848e+02	2.5023e-03	6.0730e-03	1.4567e-03	2.2763e-04	
1.6884e+02	2.6363e-03	6.5750e-03	1.5634e-03	2.4798e-04	
1.6920e+02	2.7730e-03	7.0901e-03	1.6750e-03	2.6975e-04	
1.6956e+02	2.9118e-03	7.6149e-03	1.7913e-03	2.9301e-04	
1.6992e+02	3.0524e-03	8.1459e-03	1.9124e-03	3.1782e-04	
1.7028e+02	3.1945e-03	8.6792e-03	2.0380e-03	3.4422e-04	
1.7064e+02	3.3376e-03	9.2105e-03	2.1680e-03	3.7227e-04	
1.7100e+02	3.4814e-03	9.7355e-03	2.3022e-03	4.0201e-04	
1.7136e+02	3.6252e-03	1.0249e-02	2.4403e-03	4.3348e-04	
1.7172e+02	3.7687e-03	1.0748e-02	2.5821e-03	4.6673e-04	
1.7208e+02	3.9113e-03	1.1226e-02	2.7272e-03	5.0178e-04	
1.7244e+02	4.0526e-03	1.1678e-02	2.8752e-03	5.3865e-04	
1.7280e+02	4.1920e-03	1.2101e-02	3.0258e-03	5.7738e-04	
1.7316e+02	4.3291e-03	1.2490e-02	3.1785e-03	6.1797e-04	
1.7352e+02	4.4632e-03	1.2840e-02	3.3328e-03	6.6043e-04	
1.7388e+02	4.5938e-03	1.3149e-02	3.4882e-03	7.0476e-04	
1.7424e+02	4.7205e-03	1.3411e-02	3.6441e-03	7.5095e-04	
1.7460e+02	4.8427e-03	1.3626e-02	3.8000e-03	7.9899e-04	
1.7496e+02	4.9599e-03	1.3789e-02	3.9553e-03	8.4884e-04	
1.7532e+02	5.0716e-03	1.3900e-02	4.1093e-03	9.0049e-04	
1.7568e+02	5.1774e-03	1.3956e-02	4.2614e-03	9.5390e-04	
1.7604e+02	5.2769e-03	1.3959e-02	4.4110e-03	1.0090e-03	
1.7640e+02	5.3695e-03	1.3907e-02	4.5573e-03	1.0658e-03	
1.7676e+02	5.4549e-03	1.3801e-02	4.6997e-03	1.1241e-03	
1.7712e+02	5.5328e-03	1.3643e-02	4.8375e-03	1.1840e-03	
1.7748e+02	5.6028e-03	1.3435e-02	4.9701e-03	1.2454e-03	
1.7784e+02	5.6646e-03	1.3179e-02	5.0968e-03	1.3081e-03	
1.7820e+02	5.7181e-03	1.2878e-02	5.2169e-03	1.3721e-03	
1.7856e+02	5.7630e-03	1.2535e-02	5.3298e-03	1.4373e-03	
1.7892e+02	5.7991e-03	1.2155e-02	5.4350e-03	1.5036e-03	
1.7928e+02	5.8263e-03	1.1741e-02	5.5319e-03	1.5710e-03	
1.7964e+02	5.8446e-03	1.1298e-02	5.6200e-03	1.6392e-03	
